101440980 10 08 1957 Betty Lamprey 49.01
103980155 24 06 1927 Pinky Fellowes 7620.84
106100903 14 03 1947 Oliver Kringle 540.65
108690448 05 01 1948 Larry Brown 2585.21
111180924 28 10 1964 Adolf Davies 8096.07
112200747 27 02 1971 Bella Napster 8.33
112550407 16 07 1973 Marianne Stone 9.36
113070570 04 05 1957 Apu Mitchell 0.26
113220519 23 10 1940 Jilly Aston 523.27
114680858 07 06 1967 Matilda Vincent 2439.59
114930037 24 10 1947 Desdemona Hanover 769.82
115550206 10 01 1979 Xanadu Perlman 1974.73
116520629 21 09 1963 Alexander Hall 559.10
117050976 16 10 1930 David Lamprey 4894.25
119610646 02 02 1965 Thomas Porlock 5780.69
120330928 26 11 1962 Cary Cartman 6.60
122460462 11 04 1962 Bella Oldman 496.47
123040628 13 02 1922 Elizabeth Watson 32.40
123580905 08 03 1923 Gustav Hornswaggle 3.96
125040813 13 06 1984 Godfrey Tumor 95.31
125610677 03 09 1958 Gustav Trentham 7387.38
126470499 19 12 1952 Justin Oddly 7.25
127700250 16 06 1930 Ursula Farnes 677.36
129540334 14 11 1979 Betty Eaton 536.77
130020412 14 11 1936 Maggie McIntosh 4861.02
132680826 18 11 1963 Raul Kringle 3.45
135040001 27 04 1949 Arthropod Gravedigger 1.99
135590854 12 10 1956 Aloysius Pornman 354.50
136870683 24 12 1952 Alexandra Hanover 21.13
138350783 18 05 1924 Tammy Iverson 3041.69
139160698 17 07 1973 Norbert Pringle 682.51
139310201 24 12 1973 Wotan Limburger 95.04
139480872 05 12 1961 Bella Fimburg 422.78
139620582 12 06 1929 Lillian Morlock 79.62
141320100 26 07 1920 Jughead Nippy 1535.62
141600600 09 01 1928 Aloysius Widmark 93.82
142490634 04 07 1974 Sally Novocaine 2.09
143220526 09 11 1922 George Mantovani 8546.79
144010221 11 03 1923 Terry Bumley 92.10
144600291 11 08 1955 Oliver Mozart 0.08
145810521 19 05 1926 Oswald Appleby 3.44
146190491 26 08 1921 Wally Watson 47.48
146390832 12 03 1929 Corky Oaktree 8.75
146680961 02 07 1920 Dick Silverman 6333.57
146770280 23 02 1967 Calvin James 4.26
147560845 16 08 1981 Ringo Zipp 358.74
147830618 13 07 1946 Beatrix Tuborg 960.60
149670209 20 01 1920 Yellow Bottomley 8502.80
149860167 07 02 1967 Rex Silverman 644.76
150090287 22 12 1973 Julian Benton 2657.17
150170321 22 05 1938 Harold Warmonger 420.88
151220329 12 11 1976 Ringo Floyd 0.43
152720564 22 10 1963 Nathaniel Newman 925.59
153500752 30 07 1948 Quincy Lawson 942.43
154100259 14 06 1920 Patrick Lovel 60.78
157340909 07 03 1952 Rolf Worst 7.86
159440684 25 12 1921 Rupert Oxtable 336.61
159870998 14 06 1953 Sam Olliphant 1446.70
160210967 30 03 1956 Calvin Freelander 74.38
161760131 09 07 1967 Minima Provolone 2.29
162470706 30 08 1967 Sigmund Coombes 5.54
163290682 07 04 1952 Norman Snorm 2.46
166140584 05 05 1983 Wilbur Kringle 78.35
166270339 20 07 1984 Jeffrey Nematode 6826.57
166810861 20 10 1964 Lola Pearson 9024.74
167400315 05 11 1975 Lillian Cooke 230.53
167900101 28 05 1945 January Burston 198.26
169460549 06 04 1982 Akhbar Ogham 5.64
170610460 10 12 1933 Clint Dorsey 638.18
170950724 22 10 1971 Mary-Anne Offenbach 8.60
171850665 08 08 1962 Lillian Worst 7.64
173040756 18 12 1948 Lisa Truman 310.23
174310929 31 08 1974 Corky Lorson 75.33
174740025 06 12 1961 Brontosaurus Kringle 36.66
174790520 24 03 1981 Andrew Provolone 6537.21
177820892 03 12 1923 Ruby Nash 1.88
178210751 26 11 1978 Josephine Laurel 7.04
178940513 18 01 1949 Jillian Zilog 135.94
179190468 26 12 1984 Hal Morris 7056.65
180490496 29 06 1975 Nancy Hamlin 192.02
180640421 18 09 1957 Ezekiel Underwood 3609.78
180820179 06 04 1938 Saltina Underwood 3690.54
181480498 17 01 1979 Kenneth Silverman 7.04
181720313 07 10 1923 Nigel Hardy 95.42
181940197 30 11 1957 Vespasian Farmer 27.78
182650055 30 09 1940 Foxy Fimburg 747.71
183720904 17 11 1930 Harold Mooney 694.01
184180509 22 11 1921 Tabitha Benson 946.72
185060139 17 12 1946 Marigold Disney 814.87
185310318 19 12 1968 Barbara Fellowes 246.10
185990058 05 12 1931 Farley Lowell 49.38
186010059 28 06 1974 Feeble Rice 535.41
186120574 24 04 1953 Thomas Grimes 89.36
186560786 02 08 1932 Emma Wood 6408.85
187590035 18 11 1958 Cymbellina Adsley 797.39
187590396 20 05 1921 Edward Square 2390.93
188690782 21 01 1953 Ralph Ride 86.95
189100452 13 08 1943 Angellica Wallace 1378.73
190940161 04 07 1974 Panjandrum Immingham 5551.18
192020458 06 11 1946 Jean Appleby 2.73
192040592 13 09 1929 Catharine Gimble 5.22
192110920 02 02 1944 Dilbert Jeeves 4.95
192340883 26 01 1959 Golda Dorsey 5451.90
194190009 31 12 1940 Aquitania Terwilliger 9492.10
194560121 19 05 1939 Lucky Brown 782.09
195680525 30 03 1940 Colin Cooke 9.43
198290894 22 10 1946 Pablo Reeve 3.22
199890833 11 07 1925 Lilly Casanova 4.94
200510591 18 01 1933 Gordon Gentry 479.71
202970891 13 03 1970 Francis Bradford 8.60
204310423 30 04 1984 Julian Nematode 608.19
206310839 15 07 1933 Brenda Johnson 11.31
206900325 12 08 1934 Christine Johnston 948.05
208800902 08 03 1948 Marianne Trent 56.17
209480235 27 09 1931 Barney Lampwick 6191.25
209610545 30 05 1967 Tina Patterson 7405.24
211370802 07 01 1926 Nicholas Occam 6596.39
211810354 28 03 1959 Rudolph Abbot 9379.23
212350472 18 04 1931 Alvin Pimm 965.38
214820332 19 09 1984 Pablo Offenbach 5.64
215010105 05 01 1924 Jimbo Howe 5936.57
216380817 05 01 1932 Calvin Mantovani 7405.99
217610262 26 12 1920 Hal McAdam 3723.43
221220488 06 09 1954 Alicia Aspirin 852.37
221580907 27 08 1957 Paul Cartman 848.26
221940344 11 03 1937 Germaine Stein 970.81
223970092 16 01 1977 Iolanthe Cronkite 31.08
224670896 19 08 1983 Hal Buffle 2.16
226040185 23 11 1922 Turpentine Oaktree 35.69
228770506 21 04 1924 Larry Mitchell 41.89
230040032 28 05 1934 Cellophane Edmunds 500.76
230220958 02 05 1966 Richard Tripp 10.46
231040118 28 12 1959 Lefty James 4.36
232130919 17 01 1976 Rolf Lorson 72.50
234430871 29 11 1972 Samuel Allison 988.06
235140415 16 02 1968 Daisy Kline 880.73
235580370 07 06 1947 Timmy Chamberlain 4520.25
236150900 20 04 1964 Douglas Icke 37.94
237200336 03 09 1960 Albert Dunstan 1.19
238310417 28 08 1920 Yolanda Hoolighan 1773.86
238520220 14 04 1977 Yolanda Armalite 18.33
239400603 10 06 1944 Janet Price 5086.46
239770485 07 11 1949 Louis Eaton 26.80
240460183 01 05 1921 Tachometer Aston 292.07
241590901 07 09 1958 Clifford Frinton 26.96
242220015 30 10 1954 Aramis Wise 0.00
242460635 20 06 1969 Jim-Bob Bradford 8.13
242520474 25 04 1957 Apu Nippy 215.44
246960304 11 11 1983 Nigel Chivers 43.67
247550095 05 08 1933 Indolence Graves 445.75
247560285 28 10 1942 Timothy Provolone 93.12
249690666 22 04 1939 Rudolph Mozart 9.88
250130056 15 04 1946 Fantastic Wood 76.73
252040170 25 06 1951 Sixpence Aspirin 220.57
252310006 22 02 1935 Ambulatory Cobol 1.65
253760955 01 11 1935 Geoffrey McDonald 4.41
254360104 23 05 1926 Jumbo Yapp 1739.11
255680649 07 10 1952 Holly Chamberlain 6.44
258130476 05 09 1978 Norbert McIntosh 4613.02
258490550 15 02 1981 Percy Hall 8218.97
261760190 12 10 1938 Umbilica Olliphant 795.99
263980436 25 08 1972 Olivia Walls 58.27
264560949 28 08 1932 Abigail Nash 2.95
264920260 30 01 1976 Akhbar Freelander 580.13
265050859 19 06 1938 Linda Zipp 925.18
265550855 30 06 1943 Victor Lenon 1.87
265780204 08 01 1961 Xerxes Dimaggio 515.89
267140663 16 01 1921 Matilda Patterson 2195.20
268560617 02 04 1958 Margaret Occam 533.09
268920205 26 10 1961 Xray Sloping 24.07
269200112 02 11 1949 Kang Disney 410.21
269310301 13 06 1960 Ned Avilla 1.77
270380529 16 11 1976 Pablo Patterson 6.40
270750211 03 08 1943 Yetta Cobol 942.28
273510021 07 08 1969 Bullwinkle Lester 2870.25
274560586 04 09 1971 Erik Moriarty 22.93
277040890 29 05 1969 Ian Lampwick 87.26
277070463 14 12 1981 Edward Underwood 7.41
277210678 20 02 1946 Gilbert Smelley 18.44
277870383 22 04 1941 Samuel Butterworth 5863.87
278040676 18 10 1948 Marilyn Fuller 866.95
278620342 01 03 1971 Sigmund Lester 925.44
278620840 28 02 1932 Percy Evans 4.53
282740172 17 02 1958 Simba Birchmore 5.47
285580288 04 01 1977 Gregbert Limburger 699.94
286920607 09 07 1976 Laura Wise 499.41
287200073 26 07 1961 Grumbellina Jeeves 5748.58
287360065 14 05 1951 Gerrout Terwilliger 586.52
288250455 13 06 1938 Jan Hill 1272.92
289430113 08 09 1973 Kodos Johnson 37.94
291170804 07 04 1980 Lars Trent 180.62
292150501 07 08 1955 Gregbert Davies 5136.47
292210119 01 11 1937 Lithium Shellduck 69.12
293130654 15 02 1966 Imelda Zilog 1.62
293210427 13 02 1964 Phillip McIntosh 4.95
294340310 24 03 1929 Veronica Lester 94.70
294460982 01 12 1947 Opal Crandon 5118.28
294870830 31 10 1949 Camilla Evans 488.27
295510077 10 11 1934 Grotford Napster 467.83
295560193 05 02 1933 Verruca Edmunds 731.00
299380397 15 03 1930 Aimee Hamlin 53.84
300170082 03 03 1956 Harpie Wallace 4.96
300830798 02 03 1958 Horace Brown 4331.60
302460825 27 05 1964 Alicia Kelvin 20.94
302550132 25 05 1973 Millipede VanDyke 0.86
303670720 11 06 1960 Thelma Williamson 4.74
304130302 08 10 1984 Oliver Snood 6.79
304890425 12 03 1928 Joe Hanover 59.37
305090265 01 10 1980 Catharine Avilla 5608.62
305540816 14 12 1956 Bartholomew Farnes 0.51
305910254 03 06 1955 Edwina Longley 57.06
306440314 25 09 1928 Angela Floyd 52.52
307220120 14 09 1984 Limbo Farnesbarnes 372.40
307690779 30 09 1982 Virgil Kline 5.20
308720142 08 10 1942 Nirvana Ullawander 7931.58
309140022 27 02 1931 Biff Underwood 35.04
309260790 16 07 1936 Carl Zipp 2040.14
309700945 21 04 1929 Geraldine Zipp 1.38
310120787 01 10 1952 Harold Jones 458.53
310800051 08 03 1934 Esme Kline 3.31
310930947 27 06 1944 Willie Epstein 8294.72
311710518 04 11 1926 Thelma Gentry 24.40
311750247 13 06 1980 Chester Dawson 2752.79
312280951 28 08 1936 Cordelia Aspen 47.99
312740173 30 04 1942 Suzuki Stanley 41.81
313450340 20 10 1978 Norbert Mozart 372.02
315320145 27 04 1951 Noddy Warmonger 5567.24
316030523 02 09 1950 Sancho Eisner 6937.74
316540020 24 10 1945 Binkie Carmelite 2.39
317620252 21 07 1984 Betty Shellduck 106.91
317690759 14 01 1931 Janet Lampwick 26.19
318420656 21 04 1941 Germaine Tumor 9972.92
320150516 19 02 1965 Simon Ullawander 708.99
320990814 24 04 1956 Arthur Farmer 401.60
322230050 19 08 1925 Eros Crandon 96.62
324640114 04 01 1944 Lusitania Lissom 5000.44
325400784 22 01 1926 Rose Terwilliger 246.49
327640597 01 08 1976 Jeffrey Stone 3.42
327950765 24 02 1929 Mary Emmett 2.14
328610085 02 11 1966 Heironymous Inchworm 24.21
329310410 19 08 1955 William McCormick 1949.91
329320248 07 01 1923 Nicola Birchmore 1839.87
330270343 02 04 1929 Pauline McTaggart 7384.30
331130693 22 12 1941 Jim Trombone 20.31
331960453 01 09 1975 Abraham Larch 21.11
332040687 16 05 1920 Trixie Underwood 500.67
332940674 11 09 1982 Alfred James 7332.69
334520174 10 04 1932 Sherbert Nippy 5977.17
334830335 26 02 1936 Brent Kline 61.42
335090063 19 09 1977 Fetus Rowan 72.74
335220794 09 04 1969 Luke Rathbone 0.73
335620580 03 03 1933 Ben Klimt 976.43
337410906 25 09 1960 Golda Teller 925.07
337740562 23 01 1961 Elizabeth Oaktree 56.50
339270936 19 10 1963 Clifford Carman 71.26
339340899 20 07 1943 Richard McAdam 8538.20
342530140 15 04 1942 Nikita Branston 40.46
344900451 23 07 1950 Geraldine Newton 301.85
345020764 26 09 1930 Edwin Gillison 82.72
345030495 23 05 1978 Pablo Hill 4.98
347730097 30 01 1972 Jam Oddly 6.43
347790350 15 12 1957 Dennis Price 14.67
349790477 10 01 1939 Arthur Marks 2.77
349920279 30 11 1957 Barney Eisner 7.85
350120376 20 06 1935 Porthos Trebor 6397.65
351560191 29 01 1922 Unicorn Klein 9649.27
351840038 04 09 1937 Diogenes Wellesley 750.82
351900345 04 04 1921 Lillian Cronkite 629.12
352190500 12 04 1922 Alan Jameson 89.07
352600632 08 11 1922 Nellie Reese 136.62
353370585 23 10 1952 Napoleon Shellduck 93.37
353570011 13 02 1938 Avarice Jeeves 508.55
353970885 23 04 1979 Elizabeth Lawson 9.94
354420775 31 10 1936 Xavier Freelander 2.13
354500606 27 04 1957 Heather Grimble 59.60
355500366 23 06 1936 Annette Anstey 2630.02
355510770 28 05 1939 Kylie Inchworm 8179.81
355590230 13 05 1927 Marianne Dinge 72.20
356400079 06 11 1929 Hamburga Benton 363.57
356410084 04 01 1975 Hangover Burston 73.81
356530243 27 03 1978 Unity Ilkley 6564.17
357760464 19 11 1933 Bess Aspen 3.13
358090379 17 08 1960 Camilla Mosley 748.79
360680074 05 10 1940 Grendel Alderley 154.40
361310008 17 12 1981 Aorta Pornman 974.92
361320071 29 08 1953 Gravitie White 525.24
367220164 14 01 1967 Quango Benson 456.40
368060158 31 01 1935 Peregrine Jameson 2129.18
369500484 13 04 1924 Lola Moss 7.71
369870007 13 04 1932 Alibaba Connors 5862.53
370940352 17 12 1968 Frank Chamberlain 1365.46
371920353 04 04 1967 Ivor Umbrage 3266.87
372190403 02 11 1984 Anabel Mosley 6164.29
373130508 13 04 1975 June Shellduck 4291.37
375030044 15 04 1931 Dartagnan Pearson 616.16
375470815 12 12 1970 Porthos Lorson 452.61
376600838 18 01 1979 Cassandra Truman 51.79
380190093 01 04 1921 Incitatus Mantovani 5822.36
380840431 18 10 1968 Georgina Ponsonby 875.05
381010135 11 05 1943 Motown Dobson 5.48
381820215 24 06 1930 Zanzibar Baker 94.82
382050943 19 06 1959 Dennis Lorson 1.79
382220005 20 05 1975 Abalone Roman 8324.51
382540422 01 08 1941 Marilyn Dimaggio 51.09
383220271 30 09 1973 Imelda Gustafson 25.80
386450242 20 03 1962 Mary Younger 563.06
386820868 30 12 1921 Tomothy Mack 6733.22
387180255 21 04 1966 Thelma Jeeves 0.06
387400602 09 01 1948 Samantha Freelander 5259.56
387910385 25 03 1981 Gaston Underwood 8.89
388360712 23 04 1946 Carl Benson 0.14
388690544 27 03 1948 Gerald Occam 4219.58
389310604 01 10 1921 Rory Stone 54.30
390560746 13 02 1937 Adolf Frogmorton 336.03
391090218 04 09 1953 Zeppo Rice 1182.23
391950694 09 08 1973 Scott Tivo 2.84
393130856 14 08 1974 Oswald Buffle 55.76
393920727 06 04 1984 Frederick Nippy 1.80
395220996 29 03 1930 Alex Vanadium 2.65
395450803 27 06 1955 Marilyn Younger 376.02
396050846 17 06 1978 Ophelia Anstey 120.04
396300862 06 02 1942 Ezekiel Stewart 3.25
396670133 19 12 1979 Mandelbrot Frankenstein 96.05
398190040 23 09 1948 Diptheria Hill 7077.81
399150070 17 03 1976 Giscard Zipp 98.27
399800089 05 04 1922 Horton Armstrong 1394.86
400290860 15 06 1952 Olivia VanDyke 35.26
400700843 25 02 1940 Xavier Ogham 3.87
401100098 01 11 1933 July Croydon 6.38
401290691 28 06 1970 Betty Terwilliger 1182.43
402690428 10 07 1923 Ben Burford 54.95
403920638 29 04 1964 Urkel Chaplin 1779.19
404100446 27 06 1927 Darrell McCormick 2176.95
404440531 18 03 1965 Solomon Wallace 5918.03
408260762 24 01 1980 Eva Novocaine 77.41
408550540 27 07 1959 Knut Updyke 291.59
408630386 10 08 1965 Lionel Stevenson 560.18
409110365 19 12 1979 Maria Eisner 1.28
410200933 05 01 1941 Winston Porlock 5.19
410760479 25 10 1929 Arnold Provolone 338.89
411090359 08 09 1937 Alicia Occam 1349.33
411260408 17 08 1953 Gaston Mitchell 6685.41
411370017 03 08 1964 Beezer Norris 3348.19
412690168 24 08 1964 Rambo Archer 4.15
413730165 03 04 1946 Rumpelstiltzkin Osborne 292.71
414970610 30 01 1938 Desmond Avilla 6.71
415640587 02 02 1963 Samantha Newman 108.89
417010734 25 05 1925 Carla Evans 485.42
417180852 05 10 1932 Horace Williamson 83.94
419100326 31 03 1928 Chloe Witherspoon 52.50
419930552 02 10 1949 Caroline Provolone 5861.03
420020483 24 07 1960 Lars Larch 49.37
421920536 19 04 1974 Paul Laurel 205.97
422300969 12 12 1956 Louis Wallace 404.50
422680439 24 03 1947 Mary Olliphant 3.28
422810878 20 04 1953 Kyle Johnson 4678.15
424790115 04 01 1923 Leviathan Goodman 77.15
425880609 06 06 1953 Kemal Cadwallader 7.20
426810532 27 11 1933 Christine Newman 602.85
427110630 27 01 1970 Benjamin Smith 8156.96
427890820 17 11 1931 Adam Porlock 4.97
428190613 29 06 1927 Kylie Norris 0.27
429360256 18 08 1923 Mandy Eisner 276.62
430040307 31 05 1956 Jilly Vangellis 86.75
430160457 18 07 1949 Georgia Longley 2.66
430370033 01 02 1973 Chlorophyl Nash 48.96
434790708 26 08 1933 Ronald Smalls 446.86
436850196 31 03 1935 Velma Danson 68.44
437140797 18 06 1925 Carl Dibble 16.03
439350742 17 02 1966 Jan Willikins 827.52
439360450 29 09 1948 Lionel Yarrow 7479.85
440520640 03 09 1940 Calvin Snood 4511.92
441160014 04 07 1976 Amadeus Truman 2.76
443050975 16 06 1930 Zoe Johnston 9.39
443410023 29 01 1983 Biggles Cadwallader 27.51
443820151 07 06 1971 Opulence Newman 2858.21
443950935 20 07 1950 Ronald Benson 7.07
444840789 03 11 1957 Percival Trent 3.39
444910266 01 10 1943 Lenny Burford 847.69
445530642 27 08 1959 Olivia Dorsey 521.30
445540942 26 02 1958 Chester Benton 2.92
446120306 04 08 1981 Kitty Cartman 317.58
447610227 14 10 1982 Alfie Forkboy 995.64
448150641 28 12 1979 Cara Inchworm 209.66
448410368 10 01 1976 Ezekiel Lenon 9386.00
448640898 22 01 1945 Darcy Zilog 764.51
450220072 05 02 1929 Grumpy Occam 6.37
450960537 07 02 1927 Dolly Rowan 4986.38
451580426 14 02 1922 Pablo Hardy 22.60
451660991 06 06 1951 Phillida Cook 38.26
451800207 11 02 1958 Yahoo Trent 2525.64
452010111 09 01 1977 Kory Gentry 9.64
452490893 31 10 1929 Catharine Aston 8.48
453140809 14 06 1966 Douglas Ullawander 4643.46
453440565 22 01 1967 Brian Billingsley 970.21
454590514 13 11 1926 Nelson Vanadium 0.06
455190553 20 06 1935 Rocky Edmunds 98.55
456130411 29 02 1960 Lucy Grey 9.96
456200737 11 10 1931 Ellery Birchmore 2800.70
456680887 17 01 1968 Julia Harman 532.90
458690064 09 10 1971 Geronimo Wise 720.32
459140507 04 04 1960 Kirsten Hall 16.07
459500723 01 03 1963 Winston Umbrage 0.89
459510194 15 12 1969 Vicissitude Wallace 29.35
460150195 06 11 1943 Viper Burger 25.26
461450754 21 06 1957 Lilly Hornswaggle 0.64
463500710 11 11 1962 Ursula Carman 9427.61
463940605 22 06 1961 Godfrey Armstrong 0.67
465350940 28 01 1937 Angellica Eaton 796.83
465950866 27 11 1938 Clint Wallace 15.80
466890323 13 12 1935 Johnny White 32.41
467910030 25 09 1960 Coriander Mooney 847.22
469160661 06 03 1941 Wendy Icke 7.02
471420974 09 11 1937 Marcel Vangellis 452.19
471550027 21 05 1976 Chlamydia Smith 3.84
472060454 05 05 1965 Douglas Mosley 587.94
472740308 27 10 1953 Anabel Trent 9.55
473180624 09 09 1964 Thomas Jones 77.90
473660672 26 12 1963 Tammy Jones 3.51
473680231 23 04 1929 Cory Perestroika 60.97
474570143 31 05 1962 Noot Nelson 38.38
475040761 06 07 1956 Arnold Porlock 436.72
476060384 17 06 1938 Beatrice Trombone 5.42
479280378 28 06 1970 Opal Yapp 6945.62
479450053 19 11 1981 Ella Mantovani 928.56
479620971 19 05 1952 Napoleon Yarrow 586.35
480570480 28 11 1982 Janet Nimitz 10.80
480860688 30 10 1933 Matilda Johnson 55.46
482780282 12 08 1940 Alexander Lorson 917.80
483600673 14 06 1920 Ethan Younger 12.58
483910505 28 07 1971 Ashley Davies 9.80
484190367 22 02 1975 Wilbur Atherton 2.85
484390881 21 10 1949 David Young 4568.05
485510667 10 03 1981 Ringo Lovel 4966.84
485930960 07 04 1929 Nancy Selves 8.00
487350471 16 11 1934 Patricia Chamberlain 23.86
488270029 28 05 1927 Calamity Fassley 952.95
489150888 25 02 1974 Holly Walls 689.42
490220429 03 12 1984 Imelda Jones 148.54
490610623 14 01 1924 Arnold Zipp 7.68
490690515 10 10 1957 Sigmund Lester 359.98
491470263 16 04 1979 Bernard Lovel 3901.60
494570066 20 05 1934 Gonzo Jameson 651.12
495440122 18 12 1947 Lupin Reeve 6309.16
497660437 20 02 1959 Abigail Ashford 8.25
498310239 14 10 1953 Neville VanHouten 654.09
498960128 02 03 1963 Minima Billingsley 22.26
500000004 18 04 1976 Antimatter James 167.96
500320554 25 01 1924 Zachary Stuart 1.21
502520346 28 04 1934 Laura Frankenstein 5.40
502610148 18 05 1924 Nutria Cadwallader 89.66
503320535 30 05 1974 Alvin Lowell 922.63
503510732 07 01 1926 Ashley Farnesbarnes 66.89
503990652 23 08 1936 Bernard Roman 354.51
504850757 15 08 1946 Clive Kringle 3410.62
504900589 26 04 1957 Linda Gurley 4756.05
505630648 26 02 1982 Scott Zilog 39.74
505910953 01 07 1975 Annette Olivander 631.95
510720003 10 08 1957 Anzac Klein 4478.25
511340150 01 04 1950 Orible Underwood 6.83
511430800 07 01 1958 Annette Vangellis 262.86
511560660 20 08 1943 Samantha Floyd 1.59
512310601 29 01 1938 Georgia Butterworth 94.90
513150127 22 01 1936 Mango Michaels 5838.97
513220400 12 05 1956 Ronald Benson 3847.88
513670187 28 09 1954 Tribble Chamberlain 62.36
513850964 08 02 1922 Jack Moore 300.68
515090963 19 04 1954 Dorothy Pornman 3.67
515660351 05 07 1947 Jean Reese 24.10
516060424 15 03 1984 June Horton 5346.52
516610758 24 12 1944 Arbuthnot Kringle 7.42
517390956 24 12 1948 Trixie Lemmon 32.37
517590232 23 12 1950 Stanley Pseudonym 87.27
519630728 25 03 1933 Rolf Michelson 5.08
520860873 26 12 1923 Adrian Jeeves 5.45
527160481 02 04 1942 Wilma Watson 4235.54
527210169 06 09 1960 Semolina Hall 1859.88
528510577 07 01 1929 Vernon Dimaggio 80.48
529920811 11 02 1982 James Grey 330.21
530160198 05 10 1977 Walmart Wooster 54.42
530920049 11 05 1976 Elephantina Carman 77.35
533310822 25 04 1980 Matthew Moss 779.15
533690445 12 04 1955 Bella Grimes 4428.82
534370511 21 06 1954 Clifford Oldman 509.12
534990459 08 05 1927 Frances Overly 8.05
535350977 06 11 1965 Ethan White 1.17
537120669 30 05 1944 Mabel Yarrow 8.77
538230470 28 09 1922 Edwina Ellesmere 409.69
540470745 31 07 1922 Katherine Gordon 11.39
542550705 14 09 1942 Tomothy Jones 1.57
543510715 21 11 1939 Dennis Iffley 0.20
544040950 08 04 1920 Nelson Wilde 2.20
544450731 18 10 1937 Rosalyn Selves 7.77
544810823 15 06 1940 Norbert Mozart 8.39
545320946 24 07 1922 Fleur Gimble 275.66
545780162 13 06 1982 Queeg McIntosh 53.11
547810371 04 08 1924 Cletus Davis 46.63
549340048 08 06 1958 Engelbert Ipswitch 658.08
549730123 28 07 1957 Lovey Eisner 982.13
550310013 31 07 1964 Azalea Porton 5.42
550660927 27 05 1973 Samuel Chamberlain 513.40
551960312 08 09 1967 Tom Truman 2452.70
552980503 13 03 1961 Alex Quire 17.18
553650432 24 06 1970 Jeffrey Wilson 7661.74
555030769 18 07 1934 Alfie Warmonger 4.20
555100054 09 10 1934 Filip Mack 2.46
556690620 08 08 1954 Georgina Anstey 63.96
556890780 11 11 1973 Janice Groves 631.53
557040012 03 12 1952 Armenia Fuller 40.86
557410805 15 06 1969 Fleur Brown 6.76
558050404 05 10 1961 Billy-Joe-Bob Iffley 9.77
560320434 06 10 1961 Cordelia Holmes 6660.09
561160356 13 09 1977 Dennis Norris 5.66
564210289 16 10 1981 Justin Lenon 58.91
564570067 22 11 1939 Goober Morlock 812.41
567340277 06 09 1962 Ethan Austin 45.01
568160177 16 01 1966 Sanka Gentry 84.45
569160739 12 12 1973 Mary Stanley 5.03
569180625 19 11 1970 Dennis Gurley 9523.63
569340299 21 11 1928 Lucy Danson 93.72
570060599 04 12 1959 Dominic Shellduck 0.09
570570653 07 06 1968 Ian Lorson 865.77
572780240 10 11 1929 Mork Farnesbarnes 14.36
573900992 04 12 1958 Benjamin Yapp 12.83
575290294 11 06 1931 Ivan Icke 8104.27
576560200 12 03 1943 Weasel Epstein 9662.31
576910273 02 05 1956 Aramis Chamberlain 2.98
577550363 21 09 1951 Frances Pearson 33.97
577900269 27 03 1978 Ian Smith 7.62
578220717 11 10 1940 Apu Cook 3.47
579000061 18 03 1963 Furby Nimitz 0.74
579260441 14 02 1962 Apu Stuart 32.89
580330578 16 08 1927 Katherine Appleby 4633.25
581280156 13 11 1957 Pig Kringle 0.34
581550094 16 01 1979 Illigitima Terwilliger 4.70
582300645 19 11 1968 Cary Frinton 311.76
582300679 16 09 1951 Percival Mosley 9207.29
582370181 14 09 1939 Solstice Lenon 95.89
584650224 12 01 1971 Tammy Burk 1.88
585400851 20 01 1968 Rosalyn Bottomley 3.92
585860827 03 06 1963 Amanda Butler 3341.83
587160109 14 10 1957 Krakatoa Occam 3.71
590120246 27 08 1947 Clifford Condor 52.17
590150456 08 03 1976 Jean Iffley 60.50
590480714 27 02 1925 Penelope Witherspoon 9474.09
590810303 27 06 1978 Gregory Grey 26.87
591620236 03 11 1923 Wendy Iffley 7459.50
593760959 03 07 1940 Cora Mason 27.06
594430985 02 10 1945 Marcel Square 8307.69
594700978 13 05 1945 Linda Porlock 6.68
594910965 10 01 1934 Lucy Wilde 188.51
596300319 14 01 1926 Ivan Shellduck 0.71
597050571 17 08 1949 Joe-Bob Allison 3.02
597230331 11 10 1957 Opal Disney 0.97
597570494 04 10 1923 Marianne Icke 328.84
602960401 11 06 1962 Katherine Darcy 664.57
603170773 10 08 1965 Irene Lassiter 2214.66
605250102 22 11 1933 Jingly Wilson 9.00
605840160 27 04 1936 Porkellina Grant 5029.49
607430616 23 10 1953 Derek Silverman 13.66
609690069 10 01 1925 Gallipoli DeMilt 2830.52
609870837 12 01 1940 Darrell Benton 475.46
610080650 06 08 1983 Orson Longley 263.83
610230923 02 02 1951 Thelma Vangellis 9.82
611480387 08 03 1970 Beatrix Ellesmere 6.97
612070897 19 03 1949 Unity Emmett 367.44
613700134 17 07 1941 Mungo Frink 1.98
614880699 20 02 1947 Josephine McGonnagle 24.80
616540547 02 03 1929 Eileen Benton 8.27
617660244 24 01 1927 Norman Price 616.94
618160766 26 06 1955 Calvin Ilkley 3154.20
618170406 25 05 1920 David Freelander 4011.30
619570099 20 03 1969 Jim-Jim Chaplin 556.84
619710305 25 11 1980 Aimee Mosley 662.73
620640914 07 04 1974 Alexandra Occam 36.85
621320796 23 10 1975 Edwina Johnston 1416.96
621410357 22 11 1923 Stuart Adsley 43.97
622250377 16 12 1930 Marge Paulson 3420.91
624080884 19 04 1961 Winston Pornman 2.00
624960251 14 02 1966 Rick Larch 79.33
625990281 07 07 1942 Gary Johnson 80.75
627420414 18 04 1938 Virgil Iverson 64.46
627800222 22 11 1960 Oswald Borg 738.44
627900045 24 02 1963 Discordia Brown 141.26
627950882 19 12 1974 Susette Eisner 9858.56
629730880 02 03 1967 Kenneth Shelby 27.34
630170997 07 11 1971 Rory McManus 6.76
633390147 25 05 1973 Nixon Holmes 5.14
634260671 06 11 1920 Georgia Abbot 5.98
635300841 29 09 1955 Alexander Aspirin 3673.46
635720178 03 03 1959 Salty Grint 3211.31
636310136 05 06 1946 Moonbeam Osborne 163.72
637610621 14 12 1928 Caroline Stanley 9.89
638150492 19 12 1940 Alan DeMorgan 6.61
638470395 29 12 1946 Dilbert Ilkley 78.89
639240767 19 04 1927 Tabitha Cook 30.87
639470154 05 01 1925 Petronella Emmett 16.23
640840704 30 05 1983 Phillida Iverson 5.91
640950391 14 05 1932 Sancho VanDyke 5311.63
641070510 05 04 1967 Caroline Lissom 68.42
642450768 05 11 1948 Gordon Willikins 2.42
643280270 05 04 1942 Vincent Gustafson 6.48
645460829 27 01 1943 Hellen Davies 5061.44
645660090 30 08 1960 Homer Oddly 7222.79
645920847 11 05 1952 Frederick Wallace 426.54
647100561 28 06 1920 Matthew VanDyke 17.30
647500184 08 08 1943 Turgid DeMilt 13.72
647990369 14 12 1940 Kylie Emmett 20.18
648000627 15 09 1947 Tillie Frink 29.18
648400572 22 07 1925 Tillie Charles 3819.03
648710257 01 09 1970 Bernard Stroone 6.25
650880709 12 02 1923 Adam Snood 731.25
650920360 25 03 1958 Eliza Pollock 2.27
652100382 20 08 1966 Olivia Klein 4.19
653710983 08 07 1959 Christopher Bottomley 447.85
654200990 21 03 1935 Abraham Hall 81.14
656220443 28 02 1969 Bob Dormouse 1.89
656420328 18 09 1964 Alphonse Mason 679.47
656640539 08 09 1937 Olivia Emmett 46.30
656960730 10 07 1932 Eliza Roman 351.31
657910524 28 08 1939 Thelma Dobbs 9.08
659300867 30 05 1972 Raul Hill 37.74
660940261 16 01 1977 Vincent Oddly 3.16
661340913 29 05 1936 Mary Gurley 3.45
661550864 14 10 1950 Ivor Chaplin 968.23
661860778 05 05 1949 Anne Grey 3.94
663740979 30 08 1970 Maurice Ilkley 5.90
665330530 01 11 1957 Richard Burford 544.00
665350394 25 12 1959 Arnold Eaton 82.35
665960502 08 11 1925 Wendy Birchmore 8369.12
666810300 24 05 1947 Horace Allison 67.84
667640793 25 08 1962 Romana Stuart 974.01
668750419 04 08 1961 Hugo Pollock 4.93
669810874 15 05 1969 Frank Updyke 0.10
670550877 17 10 1943 Patrick Norton 8046.30
671250249 07 02 1920 Matthew Farmer 51.12
672340361 13 12 1951 Theodore Lowell 23.55
672550091 17 06 1937 Ignatius Lassiter 101.70
672610636 19 11 1966 Mark Willis 9073.82
672620362 23 08 1980 John Baker 2.57
673030372 29 01 1943 Caroline Branston 27.64
673920317 23 11 1963 Norman Unicorn 7.09
675110086 31 08 1928 Herschel Klein 2401.71
676570293 08 06 1975 Chloe Cadwallader 62.28
676600594 22 03 1974 Cara Murderer 6446.32
677020486 08 09 1950 Annette Ulafson 1.32
677870807 25 03 1973 Johnny Trentham 8.71
679160010 30 08 1971 Attila Aspinall 87.41
680240932 06 06 1971 Gregory Rutherford 5.85
680430785 19 09 1951 Cora Butterworth 4891.92
680620078 30 12 1939 Hansel Armstrong 2182.44
681560080 04 06 1947 Happy VanHouten 1.06
681630083 11 12 1921 Hailie Wise 3358.94
682270968 13 02 1942 Oliver Grimes 2.70
683670212 10 03 1979 Yorrick Davis 7.92
684200801 09 10 1972 Maurice Osborne 1.85
684610228 26 12 1971 Jack Dracula 5.32
686320931 08 09 1973 Susan Lowell 166.16
686810380 12 08 1960 Rose Burford 543.55
686840393 05 07 1950 Mary McDonald 8.14
687850292 07 12 1962 Caroline Edmunds 2786.89
688550039 10 04 1974 Diorama Harman 367.55
689650921 16 04 1983 Zachary Chamberlain 1.83
692950276 30 07 1980 Carmen Dorsey 2.76
693210163 15 11 1925 Quisling Perlman 5.99
694350327 30 08 1966 Nigel Adsley 6.88
694750075 25 02 1925 Gretel Stewart 5771.24
694930517 04 07 1948 Matthew Shellduck 897.95
695040595 20 09 1944 Margaret Smithers 250.70
695280189 27 08 1958 Toyota Wise 89.98
696880729 30 10 1925 Georgia Roosevelt 2352.97
697480681 21 12 1975 Percy Wood 2401.24
698490930 16 03 1946 Ethan Yapp 37.81
699080725 13 10 1932 Olivia Lawson 2.37
699670686 09 05 1948 Clint Austin 2.88
700820442 15 12 1944 Gary Cobol 2698.27
704350186 21 02 1921 Torso Alderley 60.54
705670337 25 04 1966 John Newman 105.37
705730849 31 08 1925 Daphne Moss 47.82
706220740 16 08 1932 Yolanda Butler 387.10
706990799 26 07 1945 Petula Trebor 6.34
707410558 11 08 1931 Karl Dobbs 949.29
708990192 19 10 1977 Verandah Quire 7925.44
709840821 28 12 1970 Karl Brown 8.33
709930651 04 06 1933 Alicia Mack 614.93
710660857 08 05 1948 Jennifer Tumor 1.81
711200016 02 11 1933 Ammonia Perlman 407.19
711810046 17 09 1936 Daemonia Mooney 53.24
713060068 11 11 1956 Garbanzo Danson 47.49
714500598 01 11 1934 Angela Immingham 53.41
715180614 30 10 1980 Mary-Anne Johnston 46.69
715990760 02 06 1984 Dominic Eaton 80.15
716320925 24 01 1946 Rick Jameson 3044.55
716490939 20 11 1942 Ronald Aspinall 33.12
717440791 24 05 1975 Norman Casanova 790.71
717760912 26 01 1937 Quincy Aspinall 376.75
718170781 03 08 1930 Kylie Brown 1.24
718700633 18 04 1938 Sigmund Krone 5.20
718980707 01 05 1974 Germaine McIntosh 0.32
720640541 03 12 1944 Yolanda Watson 629.87
723230034 04 09 1941 Cinderella Adsley 151.86
723320381 28 01 1965 Larry Younger 0.21
724370647 02 04 1973 Larry Mack 98.26
728610569 19 12 1922 Akhbar Wilde 31.10
729280792 08 04 1934 Dennis Shellduck 7699.63
730430555 18 02 1922 Caroline Oxtable 9.65
733180831 20 06 1926 Laura Williamson 3.25
736470416 26 09 1965 Lionel Cobol 17.07
736590274 09 05 1924 Mary-Anne Truman 5.90
736920911 01 12 1972 Caroline Chivers 9390.74
738260208 16 08 1925 Yanqui Squire 33.94
739820836 22 05 1942 Urkel Wilder 750.70
741620772 19 04 1961 Fred Nematode 257.06
743650915 26 01 1974 Patrick Nixon 3825.39
743730390 11 12 1978 David Grint 7779.45
743750543 17 11 1938 Bartholomew McTaggart 36.17
744100637 08 09 1945 Kemal Butterworth 3400.46
744240962 03 10 1943 Percy Cartman 817.40
744600551 25 10 1953 Neville Gimble 6.87
744690973 05 09 1967 Christine Snorm 4335.04
746380696 14 12 1939 Adele Stroone 360.07
748090735 26 11 1950 Lucy Austin 46.34
748470581 11 07 1953 Isaac Talleyrand 1.54
749030214 09 02 1935 Zsolt Pearson 21.68
749640966 20 06 1982 Katherine McDonald 7.13
750450275 04 11 1936 Kenny Mooney 9527.57
750740469 03 11 1923 Jim Ponsonby 3343.45
752170465 11 06 1927 Quentin Novocaine 9.77
754740908 30 10 1942 Oswald Farmer 3457.71
755680413 10 03 1937 Jim-Bob Lampwick 1.42
756870863 02 08 1956 Reginald Paulson 7.46
759660311 18 04 1963 Irwin Mantovani 4331.99
759920626 20 06 1960 Raul Edmunds 31.01
759940467 18 07 1941 John Carman 2507.21
760190810 24 08 1975 Harold Harman 88.46
762100202 22 07 1980 Womble Grimes 67.91
764740695 02 06 1940 Kyle Warmonger 20.47
765236789 02 05 1896 Cornelius VanDerHefferlump 0.89
766261000 29 06 1924 Luke Hardy 41.19
766400675 29 08 1924 Ruby Snood 186.50
766830402 01 04 1939 Opal Krone 6.53
766890309 21 02 1957 Linda Buffle 1456.43
766960389 20 05 1943 Godfrey Aspirin 155.87
767170655 03 08 1972 Oswald Perlman 4.01
769020226 11 06 1927 Andrew Headbone 828.41
770750568 09 05 1966 Petunia Hall 0.74
770870722 11 04 1930 Herbert Oaktree 6.55
772230348 08 05 1964 Agatha Frampton 54.37
772310338 09 10 1924 Sancho Goodman 22.69
774230188 24 02 1951 Trillion Roman 908.98
774880993 21 07 1957 Zebidee Burford 4667.36
775650819 11 09 1941 Norris Brown 23.21
777960713 17 05 1934 Thelma Pearson 4418.19
778570333 30 12 1953 Phillida Yellevich 100.40
778590588 07 10 1959 Marianne Mason 269.72
778640461 12 11 1931 Ellery Grint 104.75
779010844 23 11 1954 Susette Fuller 64.50
779880057 15 03 1978 Fanta Porton 4533.27
780630088 18 05 1934 Horus Inchworm 90.92
781770954 17 01 1963 Yogi Oddly 33.96
781980726 24 06 1942 Ashley Vincent 89.77
782240743 02 08 1931 Samuel Pollock 992.25
782480776 03 05 1970 Zachary Jabberwocky 8.00
784850987 08 07 1947 Arbuthnot Worst 140.93
785330081 14 02 1958 Harpo Aston 35.25
785420330 12 10 1952 Ezra Croydon 1018.88
786110295 22 03 1964 Garth Dawson 53.85
787780124 04 07 1982 Moribund Wood 17.48
787880534 26 10 1944 Nathaniel Epstein 1.24
789990110 17 11 1963 Kolin Moriarty 8.47
790080834 24 05 1963 Ruby Ponsonby 1.83
790130631 08 07 1980 Rolf Grint 7254.26
790680324 18 08 1955 Wilfred Klein 87.94
793700658 30 07 1946 Nathan Umbrage 16.70
794500341 26 08 1952 Dennis Condor 215.38
794600290 16 04 1962 Belinda Marks 561.71
795950865 27 05 1948 Gary Pimm 1125.93
796430527 20 08 1933 Theodore Snood 32.04
798010753 21 03 1935 Amanda Frinton 27.63
799850019 05 06 1976 Blancmange Williams 28.14
801380733 23 02 1960 Rose Baker 6.41
802260103 09 10 1942 Jefery Dorsey 129.01
803770701 09 11 1967 Pauline Uxbridge 752.64
805000182 01 05 1933 Syzygy Krone 39.34
805500835 09 10 1978 Germaine Truman 1.42
806540736 25 12 1933 Rocky Snood 531.88
808360576 23 01 1935 Alan Vangellis 24.57
808480948 09 06 1955 Adrian McGonnagle 19.58
808920512 19 05 1964 Bailie Cartman 4064.24
811920267 05 07 1981 Josephine Icke 1.37
812210296 19 04 1982 Maggie Vincent 277.51
813240245 02 01 1949 Chester Frink 1.82
813640153 27 11 1934 Ovaltine Smith 4.09
814540738 18 01 1931 Carl Dawson 987.37
814740216 13 02 1940 Zippy Trent 80.35
815280771 23 08 1975 Betty Provolone 5024.61
815920447 02 12 1920 Hellen Lorson 9.57
817070223 15 02 1937 Nathaniel Bjork 9797.58
817260126 22 10 1926 Mopey Danson 27.16
817380788 06 08 1940 Jillian Avilla 13.13
817420430 23 08 1963 Mark Gurley 198.27
820910806 18 08 1933 Yogi Mason 905.35
821780848 02 03 1928 Cassandra Queen 8.20
822780478 16 08 1933 Horatio Chorlmondeley 35.35
823010490 30 11 1968 Neville Frankenstein 8.26
824300566 24 07 1942 Gerald Pimm 9.11
824920842 18 09 1958 Rolf Lassiter 6.84
824970692 28 10 1976 Richard Lenon 32.73
825620504 21 05 1936 Julia Smalls 711.83
826110886 28 12 1948 Frances Vanadium 966.19
827070116 28 06 1935 Levity Nippy 362.65
827376261 20 04 1911 Cerebella Stoot 5.99
829650777 24 07 1960 Orson Silverman 471.47
830150981 09 03 1937 Joseph Napster 57.96
830590138 15 07 1949 Madonna Porlock 4.02
831560611 17 03 1966 Cordelia Aspirin 80.74
832200137 09 10 1939 Malicia Hardy 43.15
832450934 18 06 1922 Cary Newton 505.13
832960096 13 08 1977 Jellybean Tumor 4.55
833050957 25 12 1982 Abraham Brown 7.32
833340750 09 07 1982 Jonah Yorson 57.76
833400689 20 04 1974 Phoebe Grey 3255.62
836020108 03 10 1955 Kunta-Kinte Hoover 20.88
836350557 27 11 1924 Adele Marks 469.07
836540895 10 02 1930 Wilma Marks 4471.97
836580087 09 02 1966 Hermione Gurley 488.42
838400238 21 02 1935 Adele Eisner 753.10
838800972 22 04 1948 Patricia Bradford 13.89
840810144 18 03 1975 Nike Fuller 985.02
843380538 13 08 1924 Susanne Hoolighan 23.22
843710590 28 02 1963 Solomon Ponsonby 69.98
843880970 05 10 1956 Gilbert Pimm 1.34
845450984 12 11 1982 Vernon Lomax 653.58
846070721 03 02 1983 Josephine Mack 4.50
849670808 14 07 1941 Patrick Farnes 924.00
849900031 31 07 1933 Cerebella Ilkley 717.99
850190559 04 03 1924 Dorothy Zilog 45.30
850480392 15 11 1933 Lillith Burston 709.90
852650619 05 02 1975 Rocky Frogmorton 589.01
853440922 16 03 1947 Kevin Condor 25.94
853580129 12 02 1925 Morticia Kringle 6941.27
853960493 06 03 1922 Brenda Ride 2.65
854970664 10 08 1924 Charles Casanova 15.81
856230596 03 07 1945 Maria Ilkley 82.47
859880556 19 07 1973 Timmy Limburger 1271.91
861400593 10 01 1951 Virginia Holmes 33.40
862930818 09 06 1948 Romana Stewart 573.18
863520237 03 07 1962 Kemal Rathbone 318.56
864190364 03 04 1944 Alphonse Ventnor 8.27
864520795 04 11 1950 Joan Oxtable 481.94
865140241 27 01 1955 Aramis Smith 5761.92
866130875 20 01 1963 Zebidee Williamson 1.08
866980278 09 07 1938 Christine Graves 500.60
869680409 25 12 1941 Susanne Trombone 300.45
869750703 14 02 1980 Penny Rowan 16.99
872460060 15 01 1943 Fester Gordon 4477.64
872720615 12 12 1934 Bart Trent 767.79
873060744 25 03 1959 Hellen McCormick 16.16
873480076 21 01 1968 Groucho Stanley 0.36
873550125 11 06 1955 Moby Yapp 2547.95
873580149 22 11 1942 Nutmeg Pornman 7.85
874550219 13 08 1941 Eva Aardvark 1.22
874880563 26 02 1959 Ursula Mantovani 3729.63
875160176 17 07 1969 Salmonella James 494.83
875730690 05 09 1972 Brent Lissom 219.88
877870622 16 07 1970 Jeffrey Vincent 117.21
877970937 17 12 1924 Robert Dobson 3.76
878040264 09 10 1975 Phillip Holloway 116.07
879900141 14 02 1931 Nivea Ride 2.80
879970567 12 10 1943 Linda Newton 1.01
880140670 22 05 1950 Alice Brown 6.43
884710217 24 03 1953 Zeus VonRichthofen 531.58
885870755 24 09 1960 Percy Moore 762.48
886300438 20 09 1945 Ian Willis 384.86
886600995 16 03 1972 Oliver Oxtable 6.38
888170828 10 04 1945 Rudolph Truman 62.16
888260685 18 02 1934 Susanne McDonald 9077.69
888470117 13 02 1981 Lulu Cook 282.30
891810497 26 12 1957 Cory VanHouten 0.20
891860420 14 01 1950 Susette Michaels 32.26
892230157 05 07 1938 Peculia Price 0.95
893760917 21 01 1977 Frances Hamlin 5.41
894070106 13 11 1963 Kow Yorson 8831.30
894150659 10 01 1922 Frances Krone 6.11
894400657 21 09 1931 Lilly Roosevelt 315.04
895330180 21 09 1979 Shandor Wooster 97.42
895400999 06 05 1943 Emma Reeve 5399.31
895770322 15 12 1956 Ringo Evans 22.73
897970024 14 06 1949 Bigears Holloway 9440.27
898000489 31 05 1973 Roscoe Talleyrand 6251.67
898440398 11 09 1959 Irene Edmunds 3.92
901040944 28 12 1965 Pat Goodman 7.92
902110583 07 07 1953 Ben Overly 844.26
902120297 06 04 1977 Abdul Hoolighan 679.50
903030284 05 12 1929 Phillida Hoolighan 6814.40
903450405 09 05 1922 Joyce Peters 8.07
903510052 29 09 1970 Exeter Oldman 4988.29
903510374 09 07 1959 Mork Wilder 7.11
904300283 12 07 1924 Ernest Stroone 5762.00
905160869 16 06 1922 Ruby Dimaggio 970.73
906210171 16 02 1971 Shemp Pearson 0.35
906830876 16 03 1950 Marianne Fellowes 2.03
907430718 21 12 1958 Susan Occam 60.69
909650466 04 01 1961 Edwina Norton 8.49
909750036 24 05 1927 Crapulina Mantovani 5.87
911040213 07 12 1981 Yike Ashford 51.14
911770482 21 11 1981 Cordelia Dorsey 7.53
912010700 29 08 1965 Linda Gentry 968.46
912780475 11 10 1955 Gaston Dornier 2216.33
912940870 26 05 1946 Joan Burton 9.78
915090152 02 12 1928 Opportunity Dormouse 23.25
915440988 08 03 1939 Neville Ullawander 253.12
916410986 27 02 1964 Lola Moore 518.38
916450548 01 07 1974 Boris Rice 4894.65
916560702 15 07 1957 Edwin Grant 1783.46
918590812 12 08 1947 Lars Nematode 4684.47
918600774 02 06 1944 Lillith Quire 97.07
919760749 22 08 1939 Billy-Joe-Bob Aspirin 6794.04
919870824 03 07 1936 Olive Queen 8.31
920530546 10 07 1933 Abdul Squire 22.24
921290444 17 06 1963 Alexandra Coombes 6942.70
921470449 19 02 1963 Cletus Grimble 737.51
921570272 19 11 1967 Vernon Tripp 7179.49
922640579 25 05 1921 Wilfred Wallace 42.03
922930203 24 08 1943 Woozie McAdam 517.45
924080608 01 07 1924 John Nelson 90.07
927090952 16 01 1926 Oswald Nixon 1316.71
927600573 14 03 1979 Ellery Davies 5515.77
931460258 09 09 1944 Timothy Grimble 230.47
932040542 19 07 1932 Hellen McGonnagle 9606.05
932930528 28 06 1972 Lola Williamson 2.86
933470234 30 11 1946 Porthos Witch 4.78
934050298 20 03 1981 Tomothy Nash 64.07
935490487 06 11 1949 Golda Mason 384.73
936220697 19 05 1933 Arnold Ponsonby 3884.88
937620229 23 03 1982 Porthos Cabbage 0.10
940710850 17 11 1980 Aimee Allison 307.40
940920043 29 04 1930 Dingo Mozart 11.34
941680028 02 10 1976 Cootie Inchworm 7.10
941970347 05 07 1974 Tabitha Cadwallader 46.23
946860225 27 05 1966 Angela Popeye 8642.22
949530926 26 05 1965 Quincy Talleyrand 628.78
950170433 12 04 1954 Adrian Wooster 806.53
951060107 09 04 1941 Krow Nimitz 1.08
952140320 05 05 1951 Edmund Newman 2.03
952630741 16 01 1969 Christopher Willis 14.45
952660435 19 03 1983 Benjamin Snorm 81.17
955580018 31 12 1942 Bingo Klein 1.86
955650575 13 06 1933 Cara Epstein 5.10
956480473 09 07 1976 Camilla Wood 1831.16
959840388 18 08 1952 Lars Eisner 630.60
962330853 27 11 1981 Virginia Marks 744.61
963610716 29 04 1934 Horace Limburger 2.39
963760643 07 01 1981 Amanda Gravedigger 8588.41
966140639 15 11 1968 Mandy Connors 72.84
967030522 27 12 1978 Eliza Austin 7.56
968130399 04 01 1971 Chloe Porton 597.98
968160355 03 03 1927 Bart Nixon 1401.04
969310316 12 05 1947 Heather Butler 4.43
969360889 04 02 1928 Nicole Frankenstein 8.56
969660918 28 10 1923 Annette Lomax 576.29
969920130 01 02 1984 Mexico Lemmon 858.39
970240349 27 02 1962 Ernest Eisner 709.30
970490916 08 09 1924 Wendy Baker 29.76
972050440 21 10 1921 Ernest Grimes 0.36
973730199 22 07 1937 Wiggy Walls 1.43
974590253 01 09 1933 Nicola Underwood 9.22
975840373 14 11 1937 Alicia Ponsonby 2.49
976660418 01 08 1957 Katherine Pornman 31.99
977370026 30 08 1939 Cleopatra Smelley 118.14
978310680 22 10 1982 Nathan Yapp 6749.07
978630612 24 09 1957 Georgia Aspen 810.45
980350146 06 04 1967 Nortel Overly 29.09
980770042 09 06 1941 Dingus Square 78.61
981750560 19 11 1922 Joe McCormick 0.66
982750879 01 08 1938 Virgil Moore 67.02
984170748 28 04 1933 Florence Floyd 3.72
984840668 06 09 1923 Calvin Lowell 21.47
985110358 11 11 1925 Isaac Norris 559.18
988000910 09 01 1928 Otto Hardy 7444.46
988460002 22 07 1975 Amoeba Wood 702.71
988820268 05 08 1976 Joyce Croydon 14.03
989250941 13 10 1966 Annette Murphy 15.45
989260233 09 11 1936 Penny Weasel 0.58
990880166 07 08 1977 Rip Yapp 0.94
991130763 20 11 1958 Sally Provolone 9.31
991680159 01 11 1921 Pip Ponsonby 91.46
991900719 02 08 1928 Norman Underwood 14.11
992330175 11 04 1925 Silica DeMorgan 4.79
992330989 25 04 1947 Vanessa Michaels 1.12
992360644 04 06 1938 Cora Wallace 3.42
993100062 02 08 1961 Fido Billingsley 8489.45
993460662 25 03 1966 Darrell Condor 497.08
994630286 07 11 1938 Norbert Cooke 3.68
995870375 30 09 1952 Sigmund Jameson 9752.71
998880533 07 02 1941 Beatrice Abbot 5409.33
999180994 11 01 1967 Curtis Croydon 847.56
999190938 19 06 1978 Gary Reese 4.39
999240047 15 02 1937 Ebola Lester 163.40
999430041 19 05 1967 Devon Paulson 73.98
